#maze_level_6C
maze: 2
spawn: 120 960
platform: 0 0 1920 60 0
platform: 1800 60 120 1020 0
platform: 0 60 120 1020 0
platform: 120 1020 1680 60 0
platform: 1680 300 120 120 0
platform: 1440 60 120 600 0
platform: 1320 180 120 120 0
platform: 1320 540 120 120 0
platform: 1560 540 120 120 0
platform: 1320 780 360 120 0
platform: 1320 900 120 120 0
platform: 1080 60 120 480 0
platform: 840 60 120 240 0
platform: 840 420 120 360 0
platform: 720 660 120 240 0
platform: 960 660 240 240 0
platform: 960 900 120 120 0
platform: 360 60 120 240 0
platform: 480 180 240 120 0
platform: 600 300 120 240 0
platform: 480 420 120 120 0
platform: 480 660 120 360 0
platform: 120 180 120 120 0
platform: 120 420 240 120 0
platform: 120 780 240 120 0
platform: 240 540 120 120 0
spike: 120 60 16 120 right
spike: 120 300 16 120 right
spike: 120 540 120 16 down
spike: 480 60 16 120 right
spike: 588 300 16 120 left
spike: 840 780 120 16 down
spike: 960 60 120 16 down
spike: 1080 900 16 120 right
spike: 1440 900 16 120 right
spike: 1424 60 16 120 left
trigger: 1740 60 60 240 level_6B bound 240 300
boss: 2 926 506
gate: 1740 60 60 240
binary: 000000000000000000000000000000000011110011111100110011110011100000111100111111001100111100111000000011000000110011001100001110000000110000001100110011000011100000111111110011111100111100110000001111111100111111001111001100000000001100001100110011110011110000000011000011001100111100111100001100111111110011111100000011000011001111111100111111000000110000111111001100000000111111111100001111110011000000001111111111000000001100110011000011000000110000000011001100110000110000001100001111110011111100111100111111000011111100111111001111001111110000000000000000000000000000000000