#maze_level_7B
maze: 3
spawn: 120 960
platform: 0 0 1920 60 0
platform: 1800 60 120 1020 0
platform: 0 1020 1800 60 0
platform: 0 60 120 960 0
platform: 1560 360 240 60 0
platform: 1740 600 60 360 0
platform: 1320 900 420 60 0
platform: 1380 60 120 420 0
platform: 1380 480 360 60 0
platform: 1380 540 180 180 0
platform: 1320 660 60 180 0
platform: 1380 780 240 60 0
platform: 1620 600 60 240 0
platform: 1260 180 60 540 0
platform: 1200 420 60 60 0
platform: 1080 480 180 60 0
platform: 1020 480 60 180 0
platform: 1200 780 60 240 0
platform: 1020 780 180 60 0
platform: 1140 600 60 180 0
platform: 900 780 60 180 0
platform: 960 900 180 60 0
platform: 1080 960 60 60 0
platform: 660 960 180 60 0
platform: 720 900 60 60 0
platform: 300 840 60 180 0
platform: 720 780 120 60 0
platform: 720 660 60 120 0
platform: 780 660 240 60 0
platform: 960 180 60 120 0
platform: 1020 180 180 60 0
platform: 1140 240 60 120 0
platform: 1080 300 60 120 0
platform: 900 360 180 60 0
platform: 900 420 60 180 0
platform: 720 540 180 60 0
platform: 780 420 60 120 0
platform: 600 420 180 60 0
platform: 600 480 60 360 0
platform: 540 600 60 60 0
platform: 360 780 240 60 0
platform: 420 900 120 60 0
platform: 540 840 60 120 0
platform: 180 720 120 60 0
platform: 240 660 240 60 0
platform: 420 480 60 180 0
platform: 480 240 60 300 0
platform: 600 240 60 120 0
platform: 660 300 180 60 0
platform: 840 60 60 180 0
platform: 360 180 480 60 0
platform: 180 240 240 60 0
platform: 180 360 240 60 0
platform: 180 420 60 120 0
platform: 180 540 120 60 0
platform: 300 480 60 120 0
spike: 824 60 16 120 left
spike: 900 60 480 16 down
spike: 420 240 60 16 down
spike: 540 240 60 16 down
spike: 660 240 16 60 right
spike: 1124 240 16 60 left
spike: 240 524 60 16 up
spike: 764 480 16 60 left
spike: 840 524 60 16 up
spike: 1740 480 16 60 right
spike: 1020 660 60 16 down
spike: 1320 644 60 16 up
spike: 300 720 16 60 right
spike: 780 720 16 60 right
spike: 1380 720 16 60 right
spike: 524 840 16 60 left
spike: 1064 960 16 60 left
spike: 1784 960 16 60 left
spike: 1140 1004 60 16 up
spike: 540 360 16 60 right
spike: 1260 1004 60 16 up
trigger: 1740 60 60 300 level_end bound 120 900
boss: 3 540 60
gate: 1740 60 60 300
binary: 000000000000000000000000000000000011111111111101111111100111100000111111111111011111111001111000001111000000000100001010011110000010000101011111011010100111100000111111010000111100101001111000001000010111111000011010010000000010111101000010111100100111110000101010010110101000001000000100001000101101000010111010001111000011111010011111101010100010100000110000110100000110100000101000001001111101011111101101111010000011110000010010100001000000100000111011101111101111011111111000001110100011011000010100000000000011101111100011110101111111110000000000000000000000000000000000