#maze_level_4D
maze: 1
spawn: 60 900
platform: 0 0 1920 60 0
platform: 1860 60 60 1020 0
platform: 0 60 60 1020 0
platform: 60 960 1800 120 0
platform: 1680 780 180 180 0
platform: 1680 420 180 180 0
platform: 1320 60 180 360 0
platform: 1320 600 180 360 0
platform: 960 240 180 720 0
platform: 780 240 180 180 0
platform: 60 600 180 180 0
platform: 600 600 180 180 0
platform: 420 240 180 540 0
platform: 60 240 360 180 0
spike: 60 60 16 180 right
spike: 60 420 16 180 right
spike: 1140 944 180 16 up
spike: 1500 944 180 16 up
trigger: 1800 60 60 360 level_4C bound 1620 900
boss: 1 86 472
gate: 1800 60 60 360
binary: 000000000000000000000000000000000111111111111111111111000111110001111111111111111111110001111100011111111111111111111100011111000000000000111000000111000111110000000000001110000001110001111100000000000011100000011100011111000111111000111111000111111111000001111110001111110001111111110000011111100011111100011111111100000000111000000111000111000111111000001110000001110001110001111110000011100000011100011100011111100111111111111111000111000111000001111111111111110001110001110000011111111111111100011100011100000000000000000000000000000000000000000000000000000000000000000000